 Dataset 1: 
0.08, 2.09, 3.48, 4.87, 6.94, 8.66, 13.11, 23.63, 0.2, 2.23, 0.52, 4.98, 6.97, 9.02, 13.29, 0.4, 2.26, 
3.57, 5.06, 7.09, 0.22, 13.8, 25.74, 0.5, 2.46, 3.46, 5.09, 7.26, 9.47, 14.24, 0.82, 0.51, 2.54, 3.7, 
5.17, 7.28, 9.74, 14.76, 26.31, 0.81, 0.62, 3.28, 5.32, 7.32, 10.06, 14.77, 32.15, 2.64, 3.88, 5.32, 
0.39, 10.34, 14.38, 34.26, 0.9, 2.69, 4.18, 5.34, 7.59, 10.66, 0.96, 36.66, 1.05, 2.69, 4.23, 5.41, 
7.62, 10.75, 16.62, 43.01, 0.19, 2.75, 4.26, 5.41, 7.63, 17.12, 46.12, 1.26, 2.83, 4.33, 0.66, 11.25,17.14, 79.05, 1.35, 2.87, 5.62, 7.87, 11.64, 17.36, 0.4, 3.02, 4.34, 5.71, 7.93, 11.79, 18.1, 1.46, 
4.4, 5.85, 0.26, 11.98, 19.13, 1.76, 3.25, 4.5, 6.25, 8.37, 12.02, 2.02, 0.31, 4.51, 6.54, 8.53, 
12.03, 20.28, 2.02, 3.36, 6.76, 12.07, 0.73, 2.07, 3.36, 6.39, 8.65, 12.63, 22.69, 5.49.



Dataset 2:
1, 4, 4, 7, 11, 13, 15, 15, 17, 18, 19, 19, 20, 20, 22, 23, 28, 29, 31, 32, 36, 37, 47, 48, 49, 50, 54, 
54, 55, 59, 59, 61, 61, 66, 72, 72, 75, 78, 78, 81, 93, 96, 99, 108, 113, 114, 120, 120, 120, 123, 124, 129, 131, 137, 145, 151, 156, 171, 176, 182, 188, 189, 195, 203, 208, 215, 217, 217, 217, 
224, 228, 233, 255, 271, 275, 275, 275, 286, 291, 312, 312, 312, 315, 326, 326, 329, 330,336, 
338, 345, 348, 354, 361, 364, 369, 378, 390, 457, 467, 498, 517, 566, 644, 745, 871, 1312, 1357, 
1613, 1630.


Dataset 3: 
0.061, 0.073, 0.075, 0.084, 0.086, 0.087, 0.088, 0.089, 0.089, 0.089, 0.099, 0.102, 0.117, 0.118, 
0.119, 0.120, 0.123, 0.135, 0.143, 0.168, 0.183, 0.185, 0.191, 0.192, 0.199, 0.203, 0.213, 0.215, 
0.257, 0.258, 0.275, 0.297, 0.297, 0.298, 0.299, 0.308, 0.314, 0.315, 0.330, 0.374, 0.388, 0.403, 
0.497, 0.714, 0.790, 0.815, 0.817, 0.859, 0.909, 1.286.

Dataset 4: 
0.50, 0.60, 0.60, 0.70, 0.70, 0.70, 0.80, 0.80, 1.00, 1.00, 1.00, 1.00, 1.10, 1.30, 1.50, 1.50, 1.50, 
1.50, 2.00, 2.00, 2.20, 2.50, 2.70, 3.00, 3.00, 3.30, 4.00, 4.00, 4.50, 4.70, 5.00, 5.40, 5.40, 7.00, 
7.50, 8.80, 9.00, 10.20, 22.00, 24.50.
